# Created by Octave 4.4.1, Wed Oct 30 17:35:07 2019 CST <cxs@MacBook-Pro-cxs.local>
# name: X
# type: matrix
# rows: 1
# columns: 2
 1 2


